time,x,y,z,phi,theta,psi,x_velocity,y_velocity,z_velocity,phi_velocity,theta_velocity,psi_velocity,rotor_speed1,rotor_speed2,rotor_speed3,rotor_speed4
0.06,9.331354776348454e-08,-1.0040802783593633e-07,10.007334943512403,6.283031081380102,6.282896406001676,0.0,1.8035482791898107e-05,-1.21576452605265e-05,0.2444771398889406,-0.008283495654438585,-0.016796659220836632,0.0,481.4790952615467,480.2069575127259,480.59362415360346,479.96552967111177
0.12000000000000001,1.2573801554314708e-05,-6.976691382910454e-06,10.028867128183988,6.282332091895352,6.282108377521361,0.0,0.000505627684438796,-0.0002881856778050325,0.4731951072679528,-0.019414996680271968,-0.006663871306785833,0.0,474.91624689912675,475.692801648399,477.2859469051236,476.4358933054528
0.18,6.603555724309168e-05,-4.5620746126112677e-05,10.059622037002036,6.281226455547216,6.281554568514579,0.0,0.0013229648044490393,-0.0011120749968566291,0.5519330820934262,-0.016521725977761602,-0.014932492554697233,0.0,430.6948022706968,429.9951223027828,430.2331572833035,430.4780604788122
0.23999999999999996,0.00018859884291381055,-0.0001639504547482216,10.099140779867604,6.280160052568991,6.2807031678832335,0.0,0.0028659954688269704,-0.0029540540232759985,0.7652391768789684,-0.020402007501330633,-0.012744968078678037,0.0,471.1082255313743,471.2774350600621,472.6169893300924,472.3179557910778
0.3,0.00042055965067296086,-0.0004155897264168717,10.150252431622517,6.278828013816716,6.279893494034468,0.0,0.004954466382570442,-0.005577410321067948,0.938355424021769,-0.026064751575482326,-0.015037515270238113,0.0,460.8342371143161,460.6531331754274,459.74847071292817,459.299633550897
0.36000000000000004,0.0007834254948416439,-0.0008384818991449793,10.207868523722,6.277023146722437,6.278586018633469,0.0,0.007239237181703416,-0.008675176606169545,0.9821429669810443,-0.039650225415907576,-0.04084826154238811,0.0,421.2174807514524,418.9795490073439,419.6847791466439,418.5037134657839
0.4200000000000001,0.00131968892559362,-0.0014925180165708705,10.269355904004929,6.274585589687451,6.276383609816481,0.0,0.010866990090405133,-0.01336582086525016,1.0673573546705375,-0.042651942986544754,-0.02949909562806146,0.0,432.71390901859877,433.66744956600104,433.29418821032436,433.0408824144325
0.48000000000000015,0.002131617826591935,-0.0024978633284269526,10.338154621902465,6.272019187874694,6.274356988554395,0.0,0.01640425973661868,-0.02042781330157012,1.2257722784369844,-0.04301724699100861,-0.04410972515716377,0.0,457.0854580317899,455.9192587179312,455.9562140872818,455.9260761811318
0.5400000000000001,0.003326678619959582,-0.0039864845750552805,10.416656403387666,6.2697497104645095,6.271395625058002,0.0,0.023739113898868604,-0.0294595865478628,1.3907610865942601,-0.029064099825355384,-0.06273524382911434,0.0,459.5864134286096,458.1063935688305,457.74441801217284,458.85264868243456
0.6000000000000002,0.005031239186578849,-0.006062800430863011,10.504875536779497,6.267750929074804,6.267486721589382,0.0,0.03350127216595844,-0.03995333981387362,1.5496659574058067,-0.04355994217819058,-0.07047082792564988,0.0,456.2000847953007,455.57901306467147,458.9729293177079,457.8206737959382
0.6600000000000003,0.00738181624233276,-0.008788774373649022,10.600854673162852,6.2652397608456525,6.263291384673561,0.0,0.04527848556972922,-0.051171229641278244,1.6494874557580936,-0.03864107929909429,-0.06884771971762199,0.0,439.42318013821944,439.5539124941202,438.8602848771248,439.26737027964265
0.7200000000000003,0.010626083937247536,-0.012327957802408019,10.707701417043234,6.263201745366128,6.259266212779011,0.0,0.06336901205938007,-0.06706676798939282,1.9116531066323963,-0.025960373985165246,-0.0637789484029353,0.0,488.0570560113047,488.43226010798713,487.88164225571205,488.8270378666574
0.7800000000000004,0.015004794050795583,-0.016826458968619534,10.828142931647585,6.2616120561887705,6.255350387776291,0.0,0.08302658079996861,-0.08305806016289405,2.102716017402915,-0.027585569767213606,-0.06841062207584143,0.0,468.76428540333535,468.4013394752549,468.43630625896554,468.3098066507306
0.8400000000000004,0.020588338146586005,-0.022270043738822052,10.957685957944404,6.259438897389346,6.251030066310232,0.0,0.10352159933385537,-0.09857632457874314,2.2151547326119663,-0.06538971737020298,-0.08038537113808217,0.0,446.1852961242964,445.20259178856537,446.35399214899644,443.25727310619186
0.9000000000000005,0.027460329433720974,-0.028674075632673757,11.09292855067096,6.255154937913563,6.246551164460858,0.0,0.12599666462022902,-0.11528821495029132,2.2927506968854736,-0.08747499100211047,-0.06512174227080261,0.0,434.0395510401614,435.31401179202044,435.7040345452989,433.84946919485037
0.9600000000000005,0.03583297519740997,-0.03622157703614096,11.23457462292107,6.250343331385732,6.242420649656248,0.0,0.15351061471415145,-0.13682295629121383,2.428470075436939,-0.06860543748714293,-0.077569035531766,0.0,453.68315276981247,452.67912301700153,452.80244149580346,454.31265391448267
1.0200000000000005,0.045823420878448554,-0.045060298472027104,11.381341314861833,6.246200396655089,6.237832307834598,0.0,0.17992775577427486,-0.15817956382686055,2.463641547767986,-0.06995046551601736,-0.07436579266982991,0.0,421.5469063448018,421.8186373056561,422.41091425959087,422.29102488057686
1.0800000000000005,0.057497959217677065,-0.05526928226298712,11.530509145807274,6.242099369986306,6.233147189114263,0.0,0.2096464857756767,-0.18250466314516958,2.5084805961267933,-0.06532991761560779,-0.08680971672500429,0.0,426.90483494954634,425.83649203362927,424.33683221192626,424.72951535359294
1.1400000000000006,0.07096116806355811,-0.06694411939821417,11.6806777789607,6.237676804167787,6.228033248352226,0.0,0.23956907019402704,-0.20700439264127746,2.497120398366104,-0.10114109094494031,-0.0822527037449698,0.0,406.52312224437867,406.92453080327397,408.71994463685024,405.51029976011534
1.2000000000000006,0.08639964275431292,-0.08024888401911284,11.831797982535683,6.231851326787416,6.223091283306342,0.0,0.27550249601868043,-0.2370374615058595,2.5400623246968244,-0.09002684635317786,-0.08259366712469197,0.0,424.3759723824297,424.34084183448437,425.59512960048374,426.5367469678563
1.2600000000000007,0.10413125783242762,-0.09550100900017068,11.986194003846716,6.226174097948562,6.217884635304937,0.0,0.3160321185657352,-0.2718925458470608,2.60625125795747,-0.10589912961279443,-0.09682669862543658,0.0,433.5326098787762,432.3285006220591,434.012342422983,432.67012623638385
1.3200000000000007,0.12452315441718947,-0.11306729074099732,12.146407866365834,6.219981264969174,6.212497236628115,0.0,0.3642672041336228,-0.31429522295019263,2.733817542441171,-0.09832556080182564,-0.07851851569869676,0.0,451.0731566002459,452.5424414095171,453.9064575388315,454.50478979766643
1.3800000000000008,0.1477820007476759,-0.13318508844412943,12.312337796396504,6.213656211020147,6.208474449895485,0.0,0.41142933746835597,-0.3568701068642958,2.7969401244749967,-0.1259404547237211,-0.05060509196053195,0.0,431.75101326021723,434.09584945533425,435.21968209612066,432.8916614417019
1.4400000000000008,0.17386854738914828,-0.15591618695543943,12.481045613193164,6.206224490055989,6.205265126531877,0.0,0.4583981115843719,-0.40151220657140047,2.8264882089516887,-0.12000294495730962,-0.059987059586204226,0.0,423.8219606736023,423.0127464234472,422.4176090404358,422.91451207563426
1.5000000000000009,0.2032151068364426,-0.181841619177063,12.656343459104697,6.198857802714073,6.2011035660043134,0.0,0.5202055813483416,-0.46346616078843705,3.0161586619772582,-0.128996519102447,-0.10488639482024308,0.0,475.0685442905115,471.60906197217554,474.04808525764406,473.34380231022436
1.560000000000001,0.2362291739051522,-0.21150321022070742,12.84120436265899,6.191722716271579,6.194634210771447,0.0,0.5809077947238864,-0.5260027033734586,3.145359787504763,-0.10398908343052665,-0.11445192317992689,0.0,456.725793643747,455.95227699115276,455.80641701757276,457.7878752924176
1.620000000000001,0.27266791551062325,-0.244696129610655,13.029823522993839,6.1857775536637085,6.187429392070245,0.0,0.634320237567222,-0.580950397288905,3.1418126810216362,-0.09074806072364724,-0.13476070329575363,0.0,415.4621219235132,413.66309140256004,414.5116549166462,415.66436518495817
1.680000000000001,0.31279912050012887,-0.28164817344504683,13.221860733675761,6.180327557058675,6.179772751791933,0.0,0.7041687084380847,-0.6513126229829929,3.2589096494142415,-0.09100413335940788,-0.11619577318573794,0.0,454.24697848106877,455.7186335072441,453.5278399749777,453.50053252974766
1.740000000000001,0.3569038464863841,-0.3225668343852115,13.41734689589636,6.174490638571466,6.173326512436365,0.0,0.7665612286995341,-0.7131242538809567,3.2571377946642963,-0.11437821255351951,-0.09402839422947418,0.0,414.95067225829644,416.88086673574634,418.85766101167974,416.8106960281432
1.8000000000000012,0.4052704207380665,-0.3677040885371314,13.6163567776689,6.168128783304887,6.167699054312125,0.0,0.8461980072812189,-0.7920928091603983,3.3759681064948994,-0.09311593448620485,-0.09332064239107626,0.0,456.5023403984021,456.5516202622218,455.16678243555054,456.8554700186594
1.8600000000000012,0.4585248769879288,-0.41770153340572985,13.822394751990727,6.16234541098642,6.1622669195697135,0.0,0.9294700957581576,-0.8750308618766468,3.491401855718279,-0.10390043973104944,-0.08548131141812576,0.0,456.28157427243923,456.90035770846913,456.61260695444133,455.7436713886391
1.9200000000000013,0.5172619028302022,-0.4731716805182948,14.03836270030025,6.156152165172042,6.156840802188899,0.0,1.0289539034777455,-0.9746172362754595,3.70658139011314,-0.10189599127618583,-0.10284845703529047,0.0,488.5932830989222,487.2905066418244,487.01055617373237,487.15222093108093
1.9800000000000013,0.5814701968013648,-0.5341352242737225,14.262313282872652,6.150126353425399,6.150425383065947,0.0,1.1118774925093764,-1.0580427854325785,3.758021252107772,-0.09765104328614069,-0.11665445063409863,0.0,440.0676985703893,438.9130170676645,439.0146902894035,439.35794767099907
2.0400000000000014,0.6508784413440545,-0.6003181393349526,14.490050209203025,6.144018593237828,6.143245518283717,0.0,1.202371471041731,-1.1485913475493499,3.8326722011466665,-0.11173005470795785,-0.12648293506739638,0.0,448.41974602212565,447.6077168060456,447.9854803114823,446.8300920818957
2.1000000000000014,0.7257713023876984,-0.6719709917214981,14.721609685014403,6.137067326509301,6.1355228655898895,0.0,1.2947344782348715,-1.2404398705712258,3.885473752431151,-0.12572703370390387,-0.13358170164250643,0.0,442.12582442249897,441.5252135861224,442.5738434136055,441.4079566087035
2.1600000000000015,0.8065292594964324,-0.7494420601273218,14.95744688661579,6.129700014535718,6.127907900602867,0.0,1.3979033512656773,-1.3426061051736624,3.975071848622062,-0.11748335849902551,-0.1161338895007484,0.0,453.7711693545179,455.1552523011263,454.73174790752574,455.378381578232
2.2200000000000015,0.8929069461592708,-0.8324872308281099,15.194104234294663,6.122939481752713,6.120724279159802,0.0,1.4819075309077328,-1.4261231024236753,3.9134212471655143,-0.10447751509716163,-0.1280983483993486,0.0,406.94174274467457,405.85470106677326,404.9108133658128,406.06657563834807
2.2800000000000016,0.9845533019673738,-0.9207607279240542,15.427714104270185,6.11711351885193,6.112869957300543,0.0,1.5735900355693184,-1.5168208328117239,3.873382804342632,-0.08538941743767098,-0.1372037323708413,0.0,413.15236815205026,412.3314383471678,413.89872533709865,415.566415645191
2.3400000000000016,1.0822320923992017,-1.0149569110349659,15.661178276680563,6.1115632333391385,6.105252712796355,0.0,1.6830321265111272,-1.6234943898461662,3.908246915005462,-0.11313812919098995,-0.1118355150498475,0.0,437.87602365486066,439.96614144754477,441.1418833651906,438.8365731363038
2.4000000000000017,1.1872944650605817,-1.1163123019094205,15.900400927849356,6.104867974735804,6.098674344167238,0.0,1.8196178814975286,-1.7556285677394283,4.0647822405858145,-0.1086567134764266,-0.10557743863972442,0.0,479.00444519544124,479.47047973670703,478.2026963248071,478.53389147141985
2.4600000000000017,1.300146431974761,-1.225225020255774,16.14609217740879,6.098193838168523,6.092318943549092,0.0,1.9426178583385356,-1.8753584088107804,4.124247859749993,-0.11696343175207985,-0.10662368248737117,0.0,451.17133509044834,451.0772063547386,450.8583577008378,450.17581514708644
2.520000000000002,1.4203941436555474,-1.3413563169187765,16.394779015460838,6.0915182462178095,6.086025969750368,0.0,2.0661291460445645,-1.9962608484930007,4.1646814122400055,-0.10178241837281754,-0.10161333643382038,0.0,446.13816854658336,446.53755571223036,445.3846862423044,446.6136596943055
2.580000000000002,1.5479741225736774,-1.4646852648838768,16.644909872104883,6.085870108161743,6.079720105562764,0.0,2.187000562569363,-2.115188151081649,4.172525625527718,-0.08208518614460686,-0.11317367644418547,0.0,437.83452474062034,436.8616008980645,435.4678103203073,437.1046802446434
2.640000000000002,1.682358331686489,-1.594723125174191,16.892834838755473,6.080558710096872,6.07284943612564,0.0,2.292975683660076,-2.2198341688756433,4.0915394868378945,-0.10625693802898532,-0.11732730426436766,0.0,407.3082347150044,406.92350354706844,408.48375325332375,406.3144816618457
2.700000000000002,1.823665913155215,-1.7315676539988336,17.137983876423203,6.075338630893352,6.065740700606625,0.0,2.417800906768435,-2.3421125466462946,4.079633869139106,-0.06364342018435884,-0.12088537529299408,0.0,431.7691848416752,431.45577085532597,429.85676051934786,433.4458303357511
2.760000000000002,1.9735624868083435,-1.8767528241450042,17.38669536613388,6.071913564809705,6.058404340810247,0.0,2.579303202763069,-2.497623398278535,4.209636011845746,-0.04643811625706425,-0.12519948053242957,0.0,479.09800323181656,478.7574789184046,477.0890750481361,478.3989997545896
2.820000000000002,2.133912723324484,-2.031900858327868,17.645749237171945,6.070194863568474,6.050838735033192,0.0,2.766267398763423,-2.6739841111927376,4.423940427088767,-0.0064136314317798735,-0.12794214463203205,0.0,506.3667117183782,506.15699333467717,503.8353416810883,506.7207349019442
2.880000000000002,2.303585247635138,-2.195829888293613,17.909103561797238,6.06963409502287,6.043140540471658,0.0,2.8900347752373183,-2.7904108005320456,4.354387116117051,-0.01597264718275264,-0.1290346163754016,0.0,418.6226014214551,418.51135016138977,418.9218559338505,418.08979209025813
2.940000000000002,2.4806829302473714,-2.366670054465307,18.167807849580484,6.06889359395227,6.035631162311926,0.0,3.013758256973224,-2.904401222194164,4.268993800307934,-0.005921754956364003,-0.11835708946091861,0.0,413.1953967422858,414.1202268443487,412.49606794961534,413.3829603411032
3.000000000000002,2.666334195238191,-2.5452337685160904,18.425312682397134,6.068063995911661,6.028448001328382,0.0,3.175088785077185,-3.0477129734919357,4.3137539804108265,-0.03845570387794109,-0.1225904704171809,0.0,457.29852172708615,456.94863709132045,459.63874455442226,457.05273175059915
3.0600000000000023,2.8623313892754183,-2.7328728906814175,18.687477058300992,6.0660415332649595,6.021569001959174,0.0,3.3585799955481175,-3.207005478064419,4.423887245140654,-0.025592369053521295,-0.10223468866394081,0.0,479.49989263748995,481.03312588017985,479.416845827913,480.3929758497241
3.1200000000000023,3.0691380229109666,-2.929859619072827,18.955011631749407,6.064638600539897,6.015431747120958,0.0,3.5352972890962646,-3.3592746282873676,4.492986264851062,-0.019293047703203014,-0.1023934888695576,0.0,469.4993540978109,469.4785683036173,469.5736737398735,470.06214178717914
3.1800000000000024,3.285830693453822,-3.1353766922626227,19.22373426186626,6.063434331082629,6.009527504482545,0.0,3.6881371852110987,-3.4914256341133734,4.4640028801777465,-0.021674501873473577,-0.09143216600348149,0.0,438.9342327654046,439.83464761844164,439.85215225099154,439.6548688548859
3.2400000000000024,3.511891133567749,-3.3489533734760077,19.491089563772643,6.062148574406313,6.00356162439437,0.0,3.8475020459873908,-3.6279306280039894,4.447331389128924,-0.020943332724065664,-0.12455333118192852,0.0,446.80888767525096,444.0906749880241,443.9169268322367,443.9769309671997
3.3000000000000025,3.747534333289026,-3.5707082750165164,19.757167836493533,6.061263557570545,5.996247932004636,0.0,4.007708871434404,-3.7640132236327184,4.42140877808016,-0.004592562762100926,-0.11705186728589138,0.0,443.1785655659112,443.78134051526274,441.472840538767,442.8202764600661
3.3600000000000025,3.9937010806774214,-3.801260177612384,20.02430244426206,6.061103855790922,5.988980470129736,0.0,4.198203216603451,-3.9209983839248306,4.4820608914382705,0.0009447886338786579,-0.13084591270177778,0.0,472.9042569990412,471.82788917821,472.13266819964133,472.55983730185125
3.4200000000000026,4.250016471788826,-4.040237364263259,20.290522986521694,6.0614798582916585,5.981429047107145,0.0,4.346113601036394,-4.045016075542883,4.391772966856979,0.015214141954316826,-0.11739609876874472,0.0,423.10587936410565,424.24712575902237,423.71120766725056,424.9363987718632
3.4800000000000026,4.516184182702988,-4.28729829151888,20.554060348399013,6.062419276764313,5.974362323022026,0.0,4.526491578278013,-4.1902913820457695,4.392124316025708,0.016528211542664987,-0.11855445075307991,0.0,454.55630337431,454.451333103158,456.3726420738914,456.47743364618185
3.5400000000000027,4.792053617035053,-4.542251644403486,20.81385522151587,6.063210093448289,5.967292427913836,0.0,4.66958265340065,-4.3082849439734066,4.267728927224185,0.00546455894251436,-0.11642500690276025,0.0,413.53785951643164,413.7118437995018,414.21972393351797,413.2452857150179
3.6000000000000028,5.077907076260611,-4.805187657695911,21.070095198856016,6.063340274379119,5.959929516802816,0.0,4.8591775089695926,-4.456249195561182,4.272824799960652,-0.0054052203055804555,-0.13985407571176256,0.0,459.20162934404965,457.32533720616715,459.4304283614852,458.5675703718034
3.660000000000003,5.374862501624211,-5.076781725004551,21.32547859423675,6.062705212434416,5.951111359422864,0.0,5.039778460179987,-4.596978545644383,4.239288791736824,-0.023745647853503866,-0.16758544379931917,0.0,448.0407665498518,445.759050695668,448.9267567562248,447.43585796052895
3.720000000000003,5.683635447043853,-5.35740059204042,21.581191182646144,6.060816125468953,5.94107587519424,0.0,5.253155229419726,-4.757050526356607,4.283159173179183,-0.055207376013673405,-0.16661212351788882,0.0,474.91703646873884,474.96692066496314,475.76838337096734,473.3524168003785
3.780000000000003,6.006020171933696,-5.648087759989692,21.84120180915829,6.05732561009045,5.931227179592177,0.0,5.493405471592279,-4.932677609653239,4.382055111763681,-0.06488950256064138,-0.15962385653994202,0.0,495.1671357125074,495.65837956861577,494.9451494176947,494.22990068198266
3.840000000000003,6.340727864046594,-5.948028880941541,22.10105927000343,6.053821776502387,5.921410526780125,0.0,5.664016725797379,-5.0657303970721665,4.279335072119253,-0.04784000690070832,-0.1730819503361485,0.0,431.6352972893774,430.47106577886353,432.491253853749,433.9227055852303
3.900000000000003,6.686443750530055,-6.256423268988691,22.356352560514903,6.051149146299382,5.910926554144353,0.0,5.860340640563505,-5.214331524343385,4.229511443725204,-0.0386562125770019,-0.1782524677102731,0.0,452.5278916675726,452.08254476491163,451.1101986731385,451.8502500175304
3.960000000000003,7.04350869906102,-6.573470658193196,22.607153005507328,6.048533702709861,5.899843173420148,0.0,6.042367143235646,-5.354200147871069,4.129861143889886,-0.055947958128603016,-0.202564131482672,0.0,437.6898441070302,435.62670472443506,437.4049561815516,435.96093325843077
4.020000000000002,7.4127028210252774,-6.899598172827643,22.854451080332254,6.045595335060053,5.887368323530453,0.0,6.264659226574759,-5.516923781325015,4.112024811686873,-0.03777793436905606,-0.22161683479240415,0.0,468.2043375609273,466.67857935563126,465.08081729264364,466.500701645858
4.080000000000001,7.79487660657283,-7.235258320009478,23.099299100455987,6.043895409828153,5.8738477803795135,0.0,6.475117757047952,-5.671917732952638,4.04844271635559,-0.014110856414276425,-0.23406987031691445,0.0,455.12845054249215,454.0809679437365,452.866840409805,454.76677529783854
4.14,8.189367608478623,-7.580005365840581,23.339115799373914,6.042539007438769,5.8601395020285985,0.0,6.675268799841451,-5.819819916833248,3.9445646363896807,-0.05083189281809264,-0.21914888854272838,0.0,441.9763157667665,443.15237617439675,444.3072197440299,441.28518258802626
4.199999999999998,8.596427667668566,-7.933897744044517,23.573436624155875,6.039155569522732,5.847298743826148,0.0,6.893933637949128,-5.976862516611046,3.8649467551112835,-0.0708378595296359,-0.20534482071041937,0.0,452.30436076298975,453.37059070410487,454.9754337915372,453.3681526739906
4.259999999999997,9.017306172184737,-8.297583220764725,23.803978429142617,6.034801557089711,5.835164660348298,0.0,7.135720083927729,-6.146287315211485,3.8182582243650685,-0.07626869114925741,-0.1966538775282557,0.0,466.8988100212314,467.53859390124455,468.54732383161877,468.1210041818647
4.319999999999996,9.451162492082986,-8.670681779678652,24.02820659586442,6.030098322328794,5.8234778929945925,0.0,7.326619058705183,-6.290802731216361,3.6553390473796337,-0.08299911170950691,-0.19127740556734293,0.0,429.14761522463505,429.5653857629958,430.16013613221935,429.58446538978063
4.379999999999995,9.89758774528164,-9.053066554472563,24.244514771017748,6.025145924722217,5.8117729015893715,0.0,7.554522302853856,-6.455769047277144,3.5536993472828122,-0.08163768509323081,-0.20403757478034756,0.0,454.4287555506919,453.36791077493353,453.8468043417217,453.950718730233
4.439999999999993,10.357643931156371,-9.445379834907706,24.454273025030076,6.020326718462,5.800046057932972,0.0,7.780989103239866,-6.621758463068434,3.4370322922931447,-0.07780870738637029,-0.18224779528311896,0.0,450.78967461080913,452.51045860965286,451.2515021528494,451.5555021639622
4.499999999999992,10.829859003588943,-9.84700565578821,24.65407714379477,6.0152551892550274,5.789136404316373,0.0,7.959911247891059,-6.766344402265314,3.2226872175774175,-0.10340880643714767,-0.1810013118165626,0.0,417.40254270313665,417.4770229783384,418.4914424540973,416.24957016262954
4.559999999999991,11.31367839141044,-10.257817183979451,24.84233894820995,6.008656056051057,5.77808920825194,0.0,8.167643266315538,-6.927956255211743,3.051783948897896,-0.128278052892334,-0.1912161186859924,0.0,434.8867471974126,433.996128575212,437.805734270982,435.71950941443527
4.6199999999999894,11.809773462538681,-10.678331994493655,25.01974032839138,6.001140337383349,5.766315707990543,0.0,8.369125750797934,-7.089854013540405,2.8606517179156166,-0.11983032171467142,-0.20879977161096444,0.0,431.6520363219476,430.1256616729345,429.4867772490397,430.18804015535164
4.679999999999988,12.320272814260404,-11.10979531266764,25.189272478619788,5.994120205321909,5.753538468469655,0.0,8.647516899933926,-7.2927023212350255,2.7883118312373165,-0.11187798055724608,-0.22290293386785315,0.0,476.953212182749,475.8328489231752,477.63117104394183,478.2262200152449
4.739999999999987,12.846598541875563,-11.553090038087266,25.352605390847952,5.987223137743701,5.740127434742984,0.0,8.896802148500763,-7.484279095537731,2.6543894055831916,-0.12193383385872773,-0.2247725809483341,0.0,460.30986658983517,460.1141639980441,460.05387335178,459.2452938096113
4.799999999999986,13.38961568887624,-12.008807532105045,25.510246378368045,5.979583564028445,5.727126508597209,0.0,9.203573710872332,-7.706688931484945,2.597716770965203,-0.14118647866831138,-0.20409098312671684,0.0,491.8979983943987,493.385858692122,492.6306562783553,491.191160301346
4.859999999999984,13.947704944050669,-12.47637524259533,25.658950805524224,5.97084205111309,5.7148967512128905,0.0,9.39959816719899,-7.879636931896531,2.3580773955520105,-0.15669421259476204,-0.20331185931380477,0.0,429.00837826468995,429.0321481008839,430.68912982481055,429.3540717317475
4.919999999999983,14.518002134310619,-12.95466947021809,25.793672184417776,5.961195253853376,5.702830119154237,0.0,9.6103762600757,-8.06425067914865,2.131331360182075,-0.17053552416257034,-0.19704254286451126,0.0,436.65518597946397,437.13766983423267,439.10514829301314,437.92975606668307
4.979999999999982,15.100041304763112,-13.443753788756803,25.913205729996086,5.950693313102505,5.690765890744981,0.0,9.791096267063939,-8.239418159421223,1.8521626180035136,-0.18600493026116044,-0.21065497343225884,0.0,420.35809006258245,419.133772645574,420.1848519014937,418.8092185726959
5.0399999999999805,15.694129621215385,-13.944092679128405,26.017421822611325,5.939745924779061,5.678145651862989,0.0,10.011785979717695,-8.439328420319534,1.620059264993471,-0.1761748866068822,-0.20971055389893178,0.0,442.4499827858694,442.48397301193415,441.7768073685463,442.5544528773075
